;"Base liquidable
[Hasta euros]";"Cuota íntegra
[euros]";"Resto base liquidable
[Hasta euros]";"Tipo aplicable
[Porcentaje]"
0;0,00;0,00;3.940,00;13,00
1;3.940,00;512,20;4.815,00;22,00
2;8.755,00;1.571,50;9.295,00;25,00
3;18.050,00;3.895,25;13.680,00;28,00
4;31.730,00;7.725,65;15.120,00;36,00
5;46.850,00;13.168,85;8.160,00;40,00
6;55.010,00;16.432,85;35.630,00;42,00
7;90.640,00;31.397,45;34.360,00;45,00
8;125.000,00;46.859,45;50.000,00;46,00
9;175.000,00;69.859,45;125.000,00;47,00
10;300.000,00;128.609,45;Resto;48,00
